20
(0 1 1)
(1 0 1)
(1 2 11)
(2 3 15)
(3 4 2)
(4 5 18)
(5 6 9)
(6 7 16)
(7 8 4)
(8 9 5)
(9 10 15)
(10 11 1)
(11 12 10)
(12 13 18)
(13 14 9)
(14 15 17)
(15 16 2)
(16 17 5)
(17 18 3)
(18 19 11)
(19 1 20)
(1 3 2)
(2 4 16)
(3 5 7)
(4 6 6)
(5 7 5)
(6 8 17)
(7 9 7)
(8 10 9)
(9 11 8)
(10 12 10)
(11 13 1)
(12 14 7)
(13 15 9)
(14 16 2)
(15 17 13)
(16 18 14)
(17 19 4)
(18 1 17)
(19 2 18)
(1 4 10)
(2 5 17)
(3 6 16)
(4 7 13)
(5 8 2)
(6 9 6)
(7 10 10)
(8 11 11)
(9 12 4)
(10 13 2)
(11 14 7)
(12 15 11)
(13 16 4)
(14 17 6)
(15 18 19)
(16 19 12)
(17 1 16)
(18 2 17)
(19 3 1)


















