55
(0 1 16)
(0 2 13)
(1 3 8)
(1 4 11)
(2 4 24)
(2 5 7)
(3 6 25)
(3 7 18)
(4 7 4)
(4 8 7)
(5 8 10)
(5 9 16)
(6 10 2)
(6 11 21)
(7 11 2)
(7 12 23)
(8 12 17)
(8 13 24)
(9 13 18)
(9 14 22)
(10 15 25)
(10 16 8)
(11 16 12)
(11 17 16)
(12 17 22)
(12 18 1)
(13 18 6)
(13 19 12)
(14 19 6)
(14 20 11)
(15 21 18)
(15 22 7)
(16 22 17)
(16 23 10)
(17 23 4)
(17 24 23)
(18 24 23)
(18 25 16)
(19 25 22)
(19 26 23)
(20 26 13)
(20 27 9)
(21 28 14)
(21 29 7)
(22 29 20)
(22 30 16)
(23 30 3)
(23 31 17)
(24 31 17)
(24 32 19)
(25 32 12)
(25 33 9)
(26 33 8)
(26 34 12)
(27 34 12)
(27 35 24)
(28 36 24)
(28 37 21)
(29 37 22)
(29 38 9)
(30 38 21)
(30 39 4)
(31 40 15)
(31 40 22)
(32 40 4)
(32 41 7)
(33 41 14)
(33 42 3)
(34 42 3)
(34 43 8)
(35 43 24)
(35 44 23)
(36 45 9)
(36 46 5)
(37 46 25)
(37 47 23)
(38 47 7)
(38 48 2)
(39 48 15)
(39 49 16)
(40 49 12)
(40 50 15)
(41 50 14)
(41 51 14)
(42 51 10)
(42 52 18)
(43 52 14)
(43 53 4)
(44 53 14)
(44 54 4)
(45 0 14)
(46 0 5)
(47 0 2)
(48 0 3)
(49 0 20)
(50 0 25)
(51 0 17)
(52 0 4)
(53 0 1)
(54 0 10)



















